DISCARD BROKEN MSG[1, 1, 4, 4, 15, -inf]
DISCARD BROKEN MSG[0, 0, 4, 4, 1, -inf]
DISCARD BROKEN MSG[-inf, 1, 10, 10, 15, 15]
DISCARD BROKEN MSG[0, -inf, 4, 4, 1, 1]
DISCARD BROKEN MSG[0, -inf, 4, 4, 1, 1]
DISCARD BROKEN MSG[0, -inf, 4, 4, 1, 1]
DISCARD BROKEN MSG[12, -inf, 4, 4, 1, 1]
[0, 0, 4, 4, 1, 1]
[0, 0, 4, 4, 1, 1]
[0, 0, 4, 4, 1, 1]
[0, 0, 4, 4, 1, 1]
[0, 0, 4, 4, 1, 1]
[0, 0, 4, 4, 1, 1]
[0, 0, 4, 4, 1, 1]
[0, 0, 4, 4, 1, 1]
[0, 0, 4, 4, 1, 1]
[0, 0, 4, 4, 1, 1]
[0, 0, 4, 4, 1, 1]
[0, 0, 4, 4, 1, 1]
[0, 0, 4, 4, 1, 1]
[0, 0, 4, 4, 1, 1]
[0, 0, 4, 4, 1, 1]
[0, 0, 4, 4, 1, 1]
[0, 0, 4, 4, 1, 1]
[0, 0, 4, 4, 1, 1]
Tot messages: 2296
