DISCARD BROKEN MSG[0, 0, 2, -inf, -inf, -inf]
DISCARD BROKEN MSG[0, 0, 1, 1, 10, -inf]
DISCARD BROKEN MSG[0, 0, 1, 1, -inf, 12]
DISCARD BROKEN MSG[0, 0, 1, 1, 11, -inf]
[0, 0, 3, 3, 10, 10]
[0, 0, 3, 3, 10, 10]
[0, 0, 3, 3, 10, 10]
[0, 0, 3, 3, 10, 10]
[0, 0, 3, 3, 10, 10]
[0, 0, 3, 3, 10, 10]
[0, 0, 3, 3, 10, 10]
[0, 0, 3, 3, 10, 10]
[0, 0, 3, 3, 10, 10]
[0, 0, 3, 3, 10, 10]
[0, 0, 3, 3, 10, 10]
[0, 0, 3, 3, 10, 10]
[0, 0, 3, 3, 10, 10]
[0, 0, 3, 3, 10, 10]
[0, 0, 3, 3, 10, 10]
[0, 0, 3, 3, 10, 10]
[0, 0, 3, 3, 10, 10]
[0, 0, 3, 3, 10, 10]
Tot messages: 3146
