DISCARD BROKEN MSG[1, 1, 2, -inf, -inf, -inf]
DISCARD BROKEN MSG[0, 0, 2, 2, 13, -inf]
DISCARD BROKEN MSG[0, 0, 5, 5, 7, -inf]
DISCARD BROKEN MSG[0, 0, 2, 2, 13, -inf]
[0, 0, 1, 1, 4, 4]
[0, 0, 1, 1, 4, 4]
[0, 0, 1, 1, 4, 4]
[0, 0, 1, 1, 4, 4]
[0, 0, 1, 1, 4, 4]
[0, 0, 1, 1, 4, 4]
[0, 0, 1, 1, 4, 4]
[0, 0, 1, 1, 4, 4]
[0, 0, 1, 1, 4, 4]
[0, 0, 1, 1, 4, 4]
[0, 0, 1, 1, 4, 4]
[0, 0, 1, 1, 4, 4]
[0, 0, 1, 1, 4, 4]
[0, 0, 1, 1, 4, 4]
[0, 0, 1, 1, 4, 4]
[0, 0, 1, 1, 4, 4]
[0, 0, 1, 1, 4, 4]
[0, 0, 1, 1, 4, 4]
[0, 0, 1, 1, 4, 4]
[0, 0, 1, 1, 4, 4]
Tot messages: 3117
