DISCARD BROKEN MSG[0, 0, 7, -inf, -inf, -inf]
DISCARD BROKEN MSG[0, 0, 3, -inf, -inf, -inf]
DISCARD BROKEN MSG[0, 0, 2, 2, 3, -inf]
DISCARD BROKEN MSG[0, 0, 2, 2, 3, -inf]
DISCARD BROKEN MSG[0, 0, 1, 1, 7, -inf]
DISCARD BROKEN MSG[0, 0, 1, 1, 7, -inf]
Run time: 36.64947557449341
[0, 0, 1, 1, 3, 3]
[0, 0, 1, 1, 3, 3]
[0, 0, 1, 1, 3, 3]
[0, 0, 1, 1, 3, 3]
[0, 0, 1, 1, 3, 3]
[0, 0, 1, 1, 3, 3]
[0, 0, 1, 1, 3, 3]
[0, 0, 1, 1, 3, 3]
[0, 0, 1, 1, 3, 3]
[0, 0, 1, 1, 3, 3]
[0, 0, 1, 1, 3, 3]
[0, 0, 1, 1, 3, 3]
[0, 0, 1, 1, 3, 3]
[0, 0, 1, 1, 3, 3]
[0, 0, 1, 1, 3, 3]
[0, 0, 1, 1, 3, 3]
[0, 0, 1, 1, 3, 3]
[0, 0, 1, 1, 3, 3]
[0, 0, 1, 1, 3, 3]
[0, 0, 1, 1, 3, 3]
Tot messages: 2281
