DISCARD BROKEN MSG[0, 0, 9, 9, 12, -inf]
DISCARD BROKEN MSG[0, 0, 8, 8, 9, -inf]
Run time: 48.75890350341797
[0, 0, 2, 2, 15, 15]
[0, 0, 2, 2, 15, 15]
[0, 0, 2, 2, 15, 15]
[0, 0, 2, 2, 15, 15]
[0, 0, 2, 2, 15, 15]
[0, 0, 2, 2, 15, 15]
[0, 0, 2, 2, 15, 15]
[0, 0, 2, 2, 15, 15]
[0, 0, 2, 2, 15, 15]
[0, 0, 2, 2, 15, 15]
[0, 0, 2, 2, 15, 15]
[0, 0, 2, 2, 15, 15]
[0, 0, 2, 2, 15, 15]
[0, 0, 2, 2, 15, 15]
[0, 0, 2, 2, 15, 15]
[0, 0, 2, 2, 15, 15]
[0, 0, 2, 2, 15, 15]
[0, 0, 2, 2, 15, 15]
[0, 0, 2, 2, 15, 15]
[0, 0, 2, 2, 15, 15]
Tot messages: 3212
