DISCARD BROKEN MSG[10, 10, 13, -inf, -inf, -inf]
DISCARD BROKEN MSG[10, 10, 13, 13, 14, -inf]
DISCARD BROKEN MSG[0, 0, 1, 1, 10, -inf]
Run time: 28.844155073165894
[0, 0, 1, 1, 2, 2]
[0, 0, 1, 1, 2, 2]
[0, 0, 1, 1, 2, 2]
[0, 0, 1, 1, 2, 2]
[0, 0, 1, 1, 2, 2]
[0, 0, 1, 1, 2, 2]
[0, 0, 1, 1, 2, 2]
[0, 0, 1, 1, 2, 2]
[0, 0, 1, 1, 2, 2]
[0, 0, 1, 1, 2, 2]
[0, 0, 1, 1, 2, 2]
[0, 0, 1, 1, 2, 2]
[0, 0, 1, 1, 2, 2]
[0, 0, 1, 1, 2, 2]
[0, 0, 1, 1, 2, 2]
[0, 0, 1, 1, 2, 2]
[0, 0, 1, 1, 2, 2]
[0, 0, 1, 1, 2, 2]
[0, 0, 1, 1, 2, 2]
[0, 0, 1, 1, 2, 2]
Tot messages: 2357
