DISCARD BROKEN MSG[0, 0, 6, -inf, -inf, -inf]
DISCARD BROKEN MSG[0, 0, 6, 6, 14, -inf]
DISCARD BROKEN MSG[0, 0, 4, 4, 17, -inf]
Run time: 62.541717529296875
[0, 0, 1, 1, 7, 7]
[0, 0, 1, 1, 7, 7]
[0, 0, 1, 1, 7, 7]
[0, 0, 1, 1, 7, 7]
[0, 0, 1, 1, 7, 7]
[0, 0, 1, 1, 7, 7]
[0, 0, 1, 1, 7, 7]
[0, 0, 1, 1, 7, 7]
[0, 0, 1, 1, 7, 7]
[0, 0, 1, 1, 7, 7]
[0, 0, 1, 1, 7, 7]
[0, 0, 1, 1, 7, 7]
[0, 0, 1, 1, 7, 7]
[0, 0, 1, 1, 7, 7]
[0, 0, 1, 1, 7, 7]
[0, 0, 1, 1, 7, 7]
[0, 0, 1, 1, 7, 7]
[0, 0, 1, 1, 7, 7]
[0, 0, 1, 1, 7, 7]
[0, 0, 1, 1, 7, 7]
Tot messages: 4409
