DISCARD BROKEN MSG[0, 0, 1, 1, -inf, 7]
DISCARD BROKEN MSG[0, 0, 1, 1, -inf, 7]
Run time: 43.74184036254883
[0, 0, 4, 4, 16, 16]
[0, 0, 4, 4, 16, 16]
[0, 0, 4, 4, 16, 16]
[0, 0, 4, 4, 16, 16]
[0, 0, 4, 4, 16, 16]
[0, 0, 4, 4, 16, 16]
[0, 0, 4, 4, 16, 16]
[0, 0, 4, 4, 16, 16]
[0, 0, 4, 4, 16, 16]
[0, 0, 4, 4, 16, 16]
[0, 0, 4, 4, 16, 16]
[0, 0, 4, 4, 16, 16]
[0, 0, 4, 4, 16, 16]
[0, 0, 4, 4, 16, 16]
[0, 0, 4, 4, 16, 16]
[0, 0, 4, 4, 16, 16]
[0, 0, 4, 4, 16, 16]
[0, 0, 4, 4, 16, 16]
[0, 0, 4, 4, 16, 16]
[0, 0, 4, 4, 16, 16]
Tot messages: 3687
