DISCARD BROKEN MSG[3, 3, 2, -inf, -inf, -inf]
DISCARD BROKEN MSG[6, 6, 12, 12, 4, -inf]
DISCARD BROKEN MSG[11, 11, 10, 10, 15, -inf]
DISCARD BROKEN MSG[11, 11, 10, 10, 15, -inf]
[11, 11, 7, 7, 15, 15]
[11, 11, 7, 7, 15, 15]
[11, 11, 7, 7, 15, 15]
[11, 11, 7, 7, 15, 15]
[11, 11, 7, 7, 15, 15]
[11, 11, 7, 7, 15, 15]
[11, 11, 7, 7, 15, 15]
[11, 11, 7, 7, 15, 15]
[11, 11, 7, 7, 15, 15]
[11, 11, 7, 7, 15, 15]
[11, 11, 7, 7, 15, 15]
[11, 11, 7, 7, 15, 15]
[11, 11, 7, 7, 15, 15]
[11, 11, 7, 7, 15, 15]
[11, 11, 7, 7, 15, 15]
[11, 11, 7, 7, 15, 15]
Tot messages: 2041
