DISCARD BROKEN MSG[0, 0, 13, -inf, -inf, -inf]
DISCARD BROKEN MSG[0, 0, 13, -inf, -inf, -inf]
DISCARD BROKEN MSG[0, 0, 2, 2, 1, -inf]
DISCARD BROKEN MSG[0, 0, 2, 2, 1, -inf]
[0, 0, 13, 13, 2, 2]
[0, 0, 13, 13, 2, 2]
[0, 0, 13, 13, 2, 2]
[0, 0, 13, 13, 2, 2]
[0, 0, 13, 13, 2, 2]
[0, 0, 13, 13, 2, 2]
[0, 0, 13, 13, 2, 2]
[0, 0, 13, 13, 2, 2]
[0, 0, 13, 13, 2, 2]
[0, 0, 13, 13, 2, 2]
[0, 0, 13, 13, 2, 2]
[0, 0, 13, 13, 2, 2]
[0, 0, 13, 13, 2, 2]
[0, 0, 13, 13, 2, 2]
[0, 0, 13, 13, 2, 2]
[0, 0, 13, 13, 2, 2]
Tot messages: 2911
