DISCARD BROKEN MSG[9, 9, 15, 15, 4, -inf]
DISCARD BROKEN MSG[11, 11, 5, 5, 4, -inf]
DISCARD BROKEN MSG[11, 11, 5, 5, 4, -inf]
[8, 8, 12, 12, 10, 10]
[8, 8, 12, 12, 10, 10]
[8, 8, 12, 12, 10, 10]
[8, 8, 12, 12, 10, 10]
[8, 8, 12, 12, 10, 10]
[8, 8, 12, 12, 10, 10]
[8, 8, 12, 12, 10, 10]
[8, 8, 12, 12, 10, 10]
[8, 8, 12, 12, 10, 10]
[8, 8, 12, 12, 10, 10]
[8, 8, 12, 12, 10, 10]
[8, 8, 12, 12, 10, 10]
[8, 8, 12, 12, 10, 10]
[8, 8, 12, 12, 10, 10]
[8, 8, 12, 12, 10, 10]
[8, 8, 12, 12, 10, 10]
Tot messages: 2416
