DISCARD BROKEN MSG[5, 5, 1, -inf, -inf, -inf]
DISCARD BROKEN MSG[5, 5, 1, -inf, -inf, -inf]
DISCARD BROKEN MSG[-inf, 6, 4, 4, 5, 5]
DISCARD BROKEN MSG[-inf, 6, 4, 4, 5, 5]
[10, 10, 0, 0, 13, 13]
[10, 10, 0, 0, 13, 13]
[10, 10, 0, 0, 13, 13]
[10, 10, 0, 0, 13, 13]
[10, 10, 0, 0, 13, 13]
[10, 10, 0, 0, 13, 13]
[10, 10, 0, 0, 13, 13]
[10, 10, 0, 0, 13, 13]
[10, 10, 0, 0, 13, 13]
[10, 10, 0, 0, 13, 13]
[10, 10, 0, 0, 13, 13]
[10, 10, 0, 0, 13, 13]
[10, 10, 0, 0, 13, 13]
[10, 10, 0, 0, 13, 13]
[10, 10, 0, 0, 13, 13]
[10, 10, 0, 0, 13, 13]
Tot messages: 2686
