DISCARD BROKEN MSG[0, 0, 2, -inf, -inf, -inf]
DISCARD BROKEN MSG[4, 4, 11, 11, 1, -inf]
DISCARD BROKEN MSG[7, 7, 9, 9, 5, -inf]
DISCARD BROKEN MSG[7, 7, 9, 9, 5, -inf]
DISCARD BROKEN MSG[4, 4, 6, 6, 1, -inf]
[4, 4, 6, 6, 0, 0]
[4, 4, 6, 6, 0, 0]
[4, 4, 6, 6, 0, 0]
[4, 4, 6, 6, 0, 0]
[4, 4, 6, 6, 0, 0]
[4, 4, 6, 6, 0, 0]
[4, 4, 6, 6, 0, 0]
[4, 4, 6, 6, 0, 0]
[4, 4, 6, 6, 0, 0]
[4, 4, 6, 6, 0, 0]
[4, 4, 6, 6, 0, 0]
[4, 4, 6, 6, 0, 0]
[4, 4, 6, 6, 0, 0]
[4, 4, 6, 6, 0, 0]
[4, 4, 6, 6, 0, 0]
Tot messages: 2311
