DISCARD BROKEN MSG[5, 5, 0, -inf, -inf, -inf]
DISCARD BROKEN MSG[5, 5, 0, -inf, -inf, -inf]
DISCARD BROKEN MSG[5, 5, 0, -inf, -inf, -inf]
DISCARD BROKEN MSG[5, 5, 0, 0, 13, -inf]
[10, 10, 6, 6, 8, 8]
[10, 10, 6, 6, 8, 8]
[10, 10, 6, 6, 8, 8]
[10, 10, 6, 6, 8, 8]
[10, 10, 6, 6, 8, 8]
[10, 10, 6, 6, 8, 8]
[10, 10, 6, 6, 8, 8]
[10, 10, 6, 6, 8, 8]
[10, 10, 6, 6, 8, 8]
[10, 10, 6, 6, 8, 8]
[10, 10, 6, 6, 8, 8]
[10, 10, 6, 6, 8, 8]
[10, 10, 6, 6, 8, 8]
[10, 10, 6, 6, 8, 8]
[10, 10, 6, 6, 8, 8]
Tot messages: 2297
