DISCARD BROKEN MSG[0, 0, 1, -inf, -inf, -inf]
DISCARD BROKEN MSG[0, 0, 1, 1, 2, -inf]
[0, 0, 1, 1, 17, 17]
[0, 0, 1, 1, 17, 17]
[0, 0, 1, 1, 17, 17]
[0, 0, 1, 1, 17, 17]
[0, 0, 1, 1, 17, 17]
[0, 0, 1, 1, 17, 17]
[0, 0, 1, 1, 17, 17]
[0, 0, 1, 1, 17, 17]
[0, 0, 1, 1, 17, 17]
[0, 0, 1, 1, 17, 17]
[0, 0, 1, 1, 17, 17]
[0, 0, 1, 1, 17, 17]
[0, 0, 1, 1, 17, 17]
[0, 0, 1, 1, 17, 17]
[0, 0, 1, 1, 17, 17]
[0, 0, 1, 1, 17, 17]
[0, 0, 1, 1, 17, 17]
[0, 0, 1, 1, 17, 17]
[0, 0, 1, 1, 17, 17]
Tot messages: 2467
