DISCARD BROKEN MSG[0, 0, 4, 4, 15, -inf]
DISCARD BROKEN MSG[0, 0, 4, 4, 15, -inf]
[0, 0, 1, 1, 17, 17]
[0, 0, 1, 1, 17, 17]
[0, 0, 1, 1, 17, 17]
[0, 0, 1, 1, 17, 17]
[0, 0, 1, 1, 17, 17]
[0, 0, 1, 1, 17, 17]
[0, 0, 1, 1, 17, 17]
[0, 0, 1, 1, 17, 17]
[0, 0, 1, 1, 17, 17]
[0, 0, 1, 1, 17, 17]
[0, 0, 1, 1, 17, 17]
[0, 0, 1, 1, 17, 17]
[0, 0, 1, 1, 17, 17]
[0, 0, 1, 1, 17, 17]
[0, 0, 1, 1, 17, 17]
[0, 0, 1, 1, 17, 17]
[0, 0, 1, 1, 17, 17]
[0, 0, 1, 1, 17, 17]
[0, 0, 1, 1, 17, 17]
Tot messages: 2161
