DISCARD BROKEN MSG[0, 0, 17, -inf, -inf, -inf]
DISCARD BROKEN MSG[0, 0, 4, 4, 10, -inf]
[0, 0, 1, 1, 18, 18]
[0, 0, 1, 1, 18, 18]
[0, 0, 1, 1, 18, 18]
[0, 0, 1, 1, 18, 18]
[0, 0, 1, 1, 18, 18]
[0, 0, 1, 1, 18, 18]
[0, 0, 1, 1, 18, 18]
[0, 0, 1, 1, 18, 18]
[0, 0, 1, 1, 18, 18]
[0, 0, 1, 1, 18, 18]
[0, 0, 1, 1, 18, 18]
[0, 0, 1, 1, 18, 18]
[0, 0, 1, 1, 18, 18]
[0, 0, 1, 1, 18, 18]
[0, 0, 1, 1, 18, 18]
[0, 0, 1, 1, 18, 18]
[0, 0, 1, 1, 18, 18]
[0, 0, 1, 1, 18, 18]
[0, 0, 1, 1, 18, 18]
Tot messages: 3007
