DISCARD BROKEN MSG[1, 1, 12, -inf, -inf, -inf]
DISCARD BROKEN MSG[0, 0, 7, -inf, -inf, -inf]
DISCARD BROKEN MSG[0, 0, 2, 2, 9, -inf]
[0, 0, 3, 3, 11, 11]
[0, 0, 3, 3, 11, 11]
[0, 0, 3, 3, 11, 11]
[0, 0, 3, 3, 11, 11]
[0, 0, 3, 3, 11, 11]
[0, 0, 3, 3, 11, 11]
[0, 0, 3, 3, 11, 11]
[0, 0, 3, 3, 11, 11]
[0, 0, 3, 3, 11, 11]
[0, 0, 3, 3, 11, 11]
[0, 0, 3, 3, 11, 11]
[0, 0, 3, 3, 11, 11]
[0, 0, 3, 3, 11, 11]
[0, 0, 3, 3, 11, 11]
[0, 0, 3, 3, 11, 11]
[0, 0, 3, 3, 11, 11]
[0, 0, 3, 3, 11, 11]
[0, 0, 3, 3, 11, 11]
[0, 0, 3, 3, 11, 11]
Tot messages: 2791
