DISCARD BROKEN MSG[1, 1, 2, -inf, -inf, -inf]
DISCARD BROKEN MSG[2, 2, 6, -inf, -inf, -inf]
DISCARD BROKEN MSG[2, 2, 6, -inf, -inf, -inf]
[0, 0, 4, 4, 12, 12]
[0, 0, 4, 4, 12, 12]
[0, 0, 4, 4, 12, 12]
[0, 0, 4, 4, 12, 12]
[0, 0, 4, 4, 12, 12]
[0, 0, 4, 4, 12, 12]
[0, 0, 4, 4, 12, 12]
[0, 0, 4, 4, 12, 12]
[0, 0, 4, 4, 12, 12]
[0, 0, 4, 4, 12, 12]
[0, 0, 4, 4, 12, 12]
[0, 0, 4, 4, 12, 12]
[0, 0, 4, 4, 12, 12]
[0, 0, 4, 4, 12, 12]
[0, 0, 4, 4, 12, 12]
[0, 0, 4, 4, 12, 12]
[0, 0, 4, 4, 12, 12]
[0, 0, 4, 4, 12, 12]
[0, 0, 4, 4, 12, 12]
Tot messages: 2953
