DISCARD BROKEN MSG[2, 2, 4, -inf, -inf, -inf]
DISCARD BROKEN MSG[12, 12, 6, -inf, -inf, -inf]
DISCARD BROKEN MSG[2, 2, 6, -inf, -inf, -inf]
DISCARD BROKEN MSG[9, 9, 6, 6, 12, -inf]
[11, 11, 16, 16, 13, 13]
[11, 11, 16, 16, 13, 13]
[11, 11, 16, 16, 13, 13]
[11, 11, 16, 16, 13, 13]
[11, 11, 16, 16, 13, 13]
[11, 11, 16, 16, 13, 13]
[11, 11, 16, 16, 13, 13]
[11, 11, 16, 16, 13, 13]
[11, 11, 16, 16, 13, 13]
[11, 11, 16, 16, 13, 13]
[11, 11, 16, 16, 13, 13]
[11, 11, 16, 16, 13, 13]
[11, 11, 16, 16, 13, 13]
[11, 11, 16, 16, 13, 13]
[11, 11, 16, 16, 13, 13]
[11, 11, 16, 16, 13, 13]
[11, 11, 16, 16, 13, 13]
Tot messages: 3585
