DISCARD BROKEN MSG[7, 7, 14, -inf, -inf, -inf]
DISCARD BROKEN MSG[7, 7, 8, -inf, -inf, -inf]
DISCARD BROKEN MSG[7, 7, 15, -inf, -inf, -inf]
DISCARD BROKEN MSG[7, 7, 8, 8, 5, -inf]
DISCARD BROKEN MSG[7, 7, 14, 14, 12, -inf]
[11, 11, 3, 3, 7, 7]
[11, 11, 3, 3, 7, 7]
[11, 11, 3, 3, 7, 7]
[11, 11, 3, 3, 7, 7]
[11, 11, 3, 3, 7, 7]
[11, 11, 3, 3, 7, 7]
[11, 11, 3, 3, 7, 7]
[11, 11, 3, 3, 7, 7]
[11, 11, 3, 3, 7, 7]
[11, 11, 3, 3, 7, 7]
[11, 11, 3, 3, 7, 7]
[11, 11, 3, 3, 7, 7]
[11, 11, 3, 3, 7, 7]
[11, 11, 3, 3, 7, 7]
[11, 11, 3, 3, 7, 7]
[11, 11, 3, 3, 7, 7]
[11, 11, 3, 3, 7, 7]
Tot messages: 3377
