DISCARD BROKEN MSG[3, 3, 2, -inf, -inf, -inf]
DISCARD BROKEN MSG[3, 3, 9, 9, 8, -inf]
DISCARD BROKEN MSG[3, 3, 16, 16, 14, -inf]
DISCARD BROKEN MSG[3, 3, 16, 16, 14, -inf]
DISCARD BROKEN MSG[3, 3, 16, 16, 14, -inf]
DISCARD BROKEN MSG[6, 6, 2, 2, 13, -inf]
DISCARD BROKEN MSG[6, 6, -inf, 2, 3, 3]
DISCARD BROKEN MSG[6, 6, -inf, 2, 3, 3]
[6, 6, 16, 16, 12, 12]
[6, 6, 16, 16, 12, 12]
[6, 6, 16, 16, 12, 12]
[6, 6, 16, 16, 12, 12]
[6, 6, 16, 16, 12, 12]
[6, 6, 16, 16, 12, 12]
[6, 6, 16, 16, 12, 12]
[6, 6, 16, 16, 12, 12]
[6, 6, 16, 16, 12, 12]
[6, 6, 16, 16, 12, 12]
[6, 6, 16, 16, 12, 12]
[6, 6, 16, 16, 12, 12]
[6, 6, 16, 16, 12, 12]
[6, 6, 16, 16, 12, 12]
[6, 6, 16, 16, 12, 12]
[6, 6, 16, 16, 12, 12]
[6, 6, 16, 16, 12, 12]
Tot messages: 4385
