DISCARD BROKEN MSG[10, 10, 2, 2, 1, -inf]
DISCARD BROKEN MSG[-inf, 0, 2, 2, 1, 1]
DISCARD BROKEN MSG[13, -inf, 2, 2, 3, 3]
DISCARD BROKEN MSG[10, -inf, 2, 2, 7, 7]
[10, 10, 11, 11, 7, 7]
[10, 10, 11, 11, 7, 7]
[10, 10, 11, 11, 7, 7]
[10, 10, 11, 11, 7, 7]
[10, 10, 11, 11, 7, 7]
[10, 10, 11, 11, 7, 7]
[10, 10, 11, 11, 7, 7]
[10, 10, 11, 11, 7, 7]
[10, 10, 11, 11, 7, 7]
[10, 10, 11, 11, 7, 7]
[10, 10, 11, 11, 7, 7]
[10, 10, 11, 11, 7, 7]
[10, 10, 11, 11, 7, 7]
[10, 10, 11, 11, 7, 7]
[10, 10, 11, 11, 7, 7]
[10, 10, 11, 11, 7, 7]
[10, 10, 11, 11, 7, 7]
Tot messages: 3105
