DISCARD BROKEN MSG[0, 0, 3, -inf, -inf, -inf]
DISCARD BROKEN MSG[9, 9, 11, 11, 14, -inf]
DISCARD BROKEN MSG[3, 3, 3, 3, 14, 14]
[9, 9, 5, 5, 14, 14]
[9, 9, 5, 5, 14, 14]
[9, 9, 5, 5, 14, 14]
[9, 9, 5, 5, 14, 14]
[9, 9, 5, 5, 14, 14]
[9, 9, 5, 5, 14, 14]
[9, 9, 5, 5, 14, 14]
[9, 9, 5, 5, 14, 14]
[9, 9, 5, 5, 14, 14]
[9, 9, 5, 5, 14, 14]
[9, 9, 5, 5, 14, 14]
[9, 9, 5, 5, 14, 14]
[9, 9, 5, 5, 14, 14]
[9, 9, 5, 5, 14, 14]
[9, 9, 5, 5, 14, 14]
[9, 9, 5, 5, 14, 14]
[9, 9, 5, 5, 14, 14]
Tot messages: 2577
