DISCARD BROKEN MSG[5, 5, 3, 3, 7, -inf]
DISCARD BROKEN MSG[10, -inf, 3, 3, 14, 14]
DISCARD BROKEN MSG[1, 14, 2, 2, 5, 5]
DISCARD BROKEN MSG[1, 14, 2, 2, 5, 5]
DISCARD BROKEN MSG[1, 14, 2, 2, 5, 5]
DISCARD BROKEN MSG[1, 14, 2, 2, 5, 5]
DISCARD BROKEN MSG[1, 14, 2, 2, 5, 5]
DISCARD BROKEN MSG[1, 14, 2, 2, 5, 5]
[1, 1, 2, 2, 5, 5]
[1, 1, 2, 2, 5, 5]
[1, 1, 2, 2, 5, 5]
[1, 1, 2, 2, 5, 5]
[1, 1, 2, 2, 5, 5]
[1, 1, 2, 2, 5, 5]
[1, 1, 2, 2, 5, 5]
[1, 1, 2, 2, 5, 5]
[1, 1, 2, 2, 5, 5]
[1, 1, 2, 2, 5, 5]
[1, 1, 2, 2, 5, 5]
[1, 1, 2, 2, 5, 5]
[1, 1, 2, 2, 5, 5]
[1, 1, 2, 2, 5, 5]
[1, 1, 2, 2, 5, 5]
[1, 1, 2, 2, 5, 5]
[1, 1, 2, 2, 5, 5]
Tot messages: 3393
